-16.9 0.66 0.27 0.39 0.54 0.86 0.66 0.6 0.57 0.52 
-16.89 0.66 0.27 0.38 0.54 0.86 0.66 0.6 0.56 0.52 
-16.88 0.66 0.27 0.38 0.54 0.86 0.66 0.6 0.56 0.52 
-16.87 0.66 0.27 0.38 0.54 0.86 0.66 0.6 0.56 0.52 
-16.86 0.66 0.27 0.39 0.54 0.86 0.66 0.6 0.57 0.52 
-16.85 0.66 0.27 0.39 0.54 0.86 0.66 0.6 0.57 0.53 
-16.84 0.66 0.27 0.39 0.54 0.86 0.66 0.6 0.57 0.53 
-16.83 0.66 0.27 0.39 0.54 0.86 0.66 0.6 0.57 0.53 
-16.82 0.66 0.28 0.39 0.54 0.86 0.66 0.6 0.57 0.53 
-16.81 0.66 0.28 0.39 0.54 0.86 0.66 0.6 0.57 0.53 
-16.8 0.66 0.28 0.39 0.54 0.86 0.66 0.6 0.57 0.53 
-16.79 0.66 0.28 0.39 0.54 0.86 0.66 0.6 0.57 0.53 
-16.78 0.66 0.28 0.39 0.54 0.86 0.66 0.6 0.57 0.53 
-16.77 0.66 0.28 0.39 0.54 0.86 0.66 0.6 0.57 0.53 
-16.76 0.66 0.28 0.39 0.54 0.86 0.66 0.6 0.57 0.53 
-16.75 0.66 0.28 0.39 0.54 0.86 0.66 0.6 0.57 0.53 
-16.74 0.66 0.28 0.39 0.54 0.86 0.66 0.6 0.57 0.53 
-16.73 0.66 0.28 0.39 0.54 0.86 0.66 0.6 0.57 0.53 
-16.72 0.66 0.28 0.39 0.54 0.86 0.66 0.6 0.57 0.53 
-16.71 0.66 0.28 0.39 0.54 0.86 0.66 0.6 0.57 0.53 
-16.7 0.66 0.28 0.39 0.54 0.86 0.66 0.6 0.57 0.53 
-16.69 0.66 0.28 0.39 0.54 0.85 0.66 0.6 0.57 0.53 
-16.68 0.66 0.28 0.39 0.54 0.85 0.66 0.6 0.57 0.53 
-16.67 0.66 0.28 0.39 0.54 0.85 0.66 0.6 0.57 0.53 
-16.66 0.66 0.28 0.39 0.54 0.85 0.66 0.6 0.57 0.53 
-16.65 0.66 0.28 0.39 0.54 0.85 0.66 0.6 0.57 0.53 
-16.64 0.65 0.28 0.39 0.54 0.85 0.66 0.6 0.57 0.53 
-16.63 0.65 0.28 0.39 0.54 0.85 0.66 0.6 0.57 0.53 
-16.62 0.65 0.28 0.39 0.54 0.85 0.66 0.6 0.57 0.53 
-16.61 0.65 0.28 0.39 0.54 0.85 0.66 0.6 0.57 0.53 
